Линейная регрессия
c_determination 0.7590249595139121
counts_min:  [-1.4911324150075524, -2.3786862391580335, -0.8985636949253994, -0.9839475932396163, -1.0163142903856566, -1.9565594803123212, -0.5111012519999533, -0.5628155680472675, -0.5694608979427065, -0.6010270211697706, -0.5761046360897837]
counts_min_test:  [-1.4911324150075524, -2.239581539533069, -0.8985636949253994, -0.9839475932396163, -1.0163142903856566, -1.9565594803123212, -0.5111012519999533, -0.5628155680472675, -0.5694608979427065, -0.6010270211697706, -0.5761046360897837]
counts_max:  [1.7584647864414205, 3.6687075445377832, 3.1607372075884665, 1.0163142903856566, 0.9839475932396167, 0.5111012519999536, 1.9565594803123214, 1.7767809861223156, 1.7560468218497562, 1.6638187049455848, 1.7357957866601277]
counts_max_test:  [1.7584647864414205, 3.00653663521193, 3.1607372075884665, 1.0163142903856566, 0.9839475932396167, 0.5111012519999536, 1.9565594803123214, 1.7767809861223156, 1.7560468218497562, 1.6638187049455848, 1.7357957866601277]
mu:  [39.10787486515642, 30.58047464940666, 1.1067961165048543, 0.49190938511326854, 0.5080906148867314, 0.7928802588996763, 0.2071197411003236, 0.24056094929881336, 0.2448759439050701, 0.2653721682847896, 0.24919093851132684]
mu_test:  [39.43065693430657, 30.85042579075428, 1.0681265206812653, 0.5012165450121655, 0.49878345498783455, 0.8004866180048662, 0.19951338199513383, 0.24574209245742093, 0.23844282238442824, 0.2871046228710462, 0.22871046228710462]
sigma:  [14.155600570891961, 6.146449417633897, 1.2317391886133824, 0.4999345376654385, 0.49993453766543844, 0.4052420930096695, 0.4052420930096695, 0.42742412071765945, 0.4300136230419583, 0.4415311773642047, 0.4325445811418386]
sigma_test:  [13.788705639691939, 5.976121269433439, 1.1420863409873572, 0.4999985200160438, 0.4999985200160438, 0.3996345735794096, 0.3996345735794096, 0.4305263249234248, 0.42613125071716573, 0.4524108292217607, 0.42000236514515593]

Логистическая регрессия
precision:  0.7613636363636364
counts_min:  [-2.2241560799483397, -0.4745451962498415, -0.47367360929845603, -0.6484216535389197, -0.4820426798824113, -0.3075623426146228, -1.614709710564955, -0.7376951317802897, -1.3555735383351184, -0.5656854249492381, -0.5101515430617253, -1.1079259903080179, -0.35555906726739006, -1.231644897095894]
counts_min_test:  [-2.2433685407786625, -0.4745451962498415, -0.47367360929845603, -0.6484216535389197, -0.4820426798824113, -0.3075623426146228, -1.614709710564955, -0.7376951317802897, -1.3555735383351184, -0.5656854249492381, -0.5101515430617253, -1.1079259903080179, -0.35555906726739006, -1.231644897095894]
counts_max:  [3.891554451560016, 6.784163299176917, 6.974147318082561, 9.667166525013503, 2.074505104493948, 3.2513733362117265, 0.6193063641452543, 1.3555735383351184, 0.7376951317802896, 1.7677669529663689, 1.960201852959999, 0.9025873648130491, 2.812472222085055, 0.8119223343984104]
counts_max_test:  [3.584155078274851, 6.784163299176917, 10.69805778177307, 9.667166525013503, 2.074505104493948, 3.2513733362117265, 0.6193063641452543, 1.3555735383351184, 0.7376951317802896, 1.7677669529663689, 1.960201852959999, 0.9025873648130491, 2.812472222085055, 0.8119223343984104]
mu:  [29.361582491582492, 0.5230078563411897, 0.3815937149270483, 32.2042079685746, 0.18855218855218858, 0.08641975308641976, 0.7227833894500562, 0.35241301907968575, 0.6475869809203143, 0.24242424242424243, 0.20650953984287318, 0.5510662177328844, 0.11223344556677892, 0.6026936026936027]
mu_test:  [29.805023923444974, 0.4473684210526316, 0.3923444976076555, 35.57653540669853, 0.24401913875598086, 0.11004784688995214, 0.6459330143540669, 0.36363636363636365, 0.6363636363636364, 0.25598086124401914, 0.22248803827751196, 0.5215311004784688, 0.08133971291866028, 0.6052631578947368]
sigma:  [13.012388272793658, 1.1021244350892836, 0.8056047612452285, 49.66553444477411, 0.39115247761501887, 0.2809828809071862, 0.4476243529848895, 0.4777217632292118, 0.4777217632292118, 0.4285495643554833, 0.4048003826539181, 0.49738540530101727, 0.31565344804545886, 0.4893403968259838]
sigma_test:  [12.652807152058339, 0.8956862398979237, 0.98025421757938, 55.783256347325455, 0.42950413115215846, 0.31294938613909623, 0.4782296052332351, 0.4810456929208344, 0.4810456929208344, 0.4364111134249315, 0.41591719260080695, 0.4995361965985916, 0.27335611209733535, 0.4887940952896505]
